================================================================================
COMPARAISON REGIONALE — CROISSANCE DU PIB (%)
================================================================================
Pays                         2020    2021    2022    2023    2024    2025    2026
--------------------------------------------------------------------------------
Maroc                        -7.2     8.1     1.5     3.4     3.3     3.9     4.0
Algerie                      -5.1     4.1     3.0     3.6     3.0     2.8     2.5
Tunisie                      -8.6     4.6     2.8     1.5     1.2     2.0     2.5
Egypte                        3.6     6.7     5.5     3.0     2.5     3.0     3.5
Sub-Saharan Africa           -2.0     4.7     4.0     3.5     3.8     4.2     4.5
================================================================================

================================================================================
COMPARAISON REGIONALE — INFLATION IPC (%)
================================================================================
Pays                         2020    2021    2022    2023    2024    2025    2026
--------------------------------------------------------------------------------
Maroc                         0.7     1.4     6.6     6.1     1.2     2.1     2.0
Algerie                       2.4     5.9     9.3     7.8     4.5     4.0     3.5
Tunisie                       5.6     5.7     8.3     9.3     7.5     6.0     5.0
Egypte                        5.1     5.2    13.9    25.5    20.0    12.0     8.0
Sub-Saharan Africa           10.5    11.0    14.5    12.0     8.5     7.0     5.5
================================================================================